MAE(30613) = 0.6010728297543014
MAE(35211) = 0.5853432099988212
MAE(17613) = 0.3238340814533439
MAE(61235) = 0.45678915296282085
MAE(70421) = 1.1082617508040533
MAE(35223) = 0.6634818740728262
MAE(17623) = 0.6620695780017483
MAE(39082) = 0.8590374293134493
MAE(8824) = 0.4595050546435677
MAE(61240) = 0.7455512030511019
MAE(52572) = 0.5896075367927551
MAE(52576) = 0.8385868214039623
MAE(26243) = 0.8606772276819968
MAE(26242) = 0.7322155738813474
MAE(17632) = 0.5642917635077137
MAE(52580) = 0.5498750092767513
MAE(4375) = 0.48051336455345156
MAE(39065) = 0.7404692427989858
MAE(65081) = 0.7718241825560005
MAE(17647) = 0.7409480198347655
MAE(52591) = 0.7551809145909983
MAE(8787) = 0.9131205654976999
MAE(52592) = 0.45870964271213793
MAE(30627) = 0.41269038955046644
MAE(4352) = 0.389642795523574
MAE(13159) = 0.9428254990753803