RMSE(30613) = 1.4478617048776843
RMSE(35211) = 1.3884995183541053
RMSE(17613) = 0.8220768617494353
RMSE(61235) = 1.18023326233304
RMSE(70421) = 2.27050345856674
RMSE(35223) = 1.55956267978508
RMSE(17623) = 1.5624501738242738
RMSE(39082) = 1.8870136890000901
RMSE(8824) = 1.0755947516828506
RMSE(61240) = 1.727590929401848
RMSE(52572) = 1.4604147851740656
RMSE(52576) = 1.9118165328199532
RMSE(26243) = 1.89652171161064
RMSE(26242) = 1.6743148960138305
RMSE(17632) = 1.349872474733238
RMSE(52580) = 1.3505924462059444
RMSE(4375) = 1.186193339439755
RMSE(39065) = 1.6551645122318515
RMSE(65081) = 1.756225299868304
RMSE(17647) = 1.6178131692913202
RMSE(52591) = 1.69901595402719
RMSE(8787) = 1.9744820274988464
RMSE(52592) = 1.1246235278584504
RMSE(30627) = 1.0691865762889106
RMSE(4352) = 0.9757800167605298
RMSE(13159) = 1.949374033632581